--------------
26534
324
1539
--------------
19815
6164
2418
--------------
7089
21294
14
--------------
(0, 0) 0.6588167925271107
(0, 1) 0.2173038978444585
(0, 2) 0.08584930427933841
(1, 0) 0.014917099228947236
(1, 1) 0.004023522129371711
(1, 2) 0.00072992700729927
(2, 0) 0.05488316949068814
(2, 1) 0.04066468522021075
(2, 2) 0.03315926892950392
(0, 0) 0.24585000741070107
(0, 1) 0.7118110236220473
(0, 2) 0.0004145155820175604
(1, 0) 0.0027052617340727714
(1, 1) 0.01426292577648494
(1, 2) 0.0
(2, 0) 0.05296558457407859
(2, 1) 0.05071096590124707
(2, 2) 0.001935483870967742
