--------------
2033
3197
1611
330
21226
--------------
1998
17020
5219
2080
2080
--------------
10
9
928
1294
26156
--------------
(0, 0) 0.0354482404315438
(0, 1) 0.058558808822712374
(0, 2) 0.06709829311359623
(0, 3) 0.023643603782976606
(0, 4) 0.07585665707559508
(1, 0) 0.04506135586401126
(1, 1) 0.08384710234278668
(1, 2) 0.09640437727983325
(1, 3) 0.09731752963194011
(1, 4) 0.03959810874704492
(2, 0) 0.02791227570492737
(2, 1) 0.07581706894560573
(2, 2) 0.019250858080883452
(2, 3) 0.007094133697135061
(2, 4) 0.012342292923752057
(3, 0) 0.002152389151958674
(3, 1) 0.009660148975791434
(3, 2) 0.020787343635025754
(3, 3) 0.0194585448392555
(3, 4) 0.0
(4, 0) 0.07067447328385044
(4, 1) 0.5103265805789203
(4, 2) 0.1668284504059301
(4, 3) 0.06609944650290471
(4, 4) 0.07094936127194192
(0, 0) 0.0
(0, 1) 0.000980392156862745
(0, 2) 0.04777070063694268
(0, 3) 0.03451492537313433
(0, 4) 0.0676033934252386
(1, 0) 0.00031191515907673113
(1, 1) 0.0
(1, 2) 0.00316147859922179
(1, 3) 0.016293279022403257
(1, 4) 0.11855041536468257
(2, 0) 0.001854140914709518
(2, 1) 0.0
(2, 2) 0.054840049854590775
(2, 3) 0.0210896309314587
(2, 4) 0.053736101096732575
(3, 0) 0.0
(3, 1) 0.0
(3, 2) 0.0007955449482895784
(3, 3) 0.0
(3, 4) 0.012577895018541882
(4, 0) 0.0002826189354686764
(4, 1) 0.00032975315620878084
(4, 2) 0.030083228716231925
(4, 3) 0.04895430620895244
(4, 4) 0.7002906663795888