--------------
30
1379
786
74
1523
24250
156
84
21
94
--------------
14138
2046
1095
345
798
1206
1704
1083
4120
1862
--------------
20
18718
1
90
908
2197
13
5060
19
1371
--------------
(0, 0) 0.0011305822498586771
(0, 1) 0.001447178002894356
(0, 2) 0.00267379679144385
(0, 3) 0.0
(0, 4) 0.0012091898428053204
(0, 5) 0.004061738424045491
(0, 6) 0.0
(0, 7) 0.0
(0, 8) 0.00048216007714561236
(0, 9) 0.0
(1, 0) 0.027888182299947006
(1, 1) 0.041349954393432656
(1, 2) 0.021048287247214196
(1, 3) 0.008187134502923977
(1, 4) 0.010677808727948004
(1, 5) 0.054241435562805876
(1, 6) 0.012147078135259356
(1, 7) 0.0004063388866314506
(1, 8) 0.10266693402847403
(1, 9) 0.01598746081504702
(2, 0) 0.033446437227338824
(2, 1) 0.013600572655690766
(2, 2) 0.005344735435595938
(2, 3) 0.00354924578527063
(2, 4) 0.02457956015523933
(2, 5) 0.01116751269035533
(2, 6) 0.0064672594987873885
(2, 7) 0.001607717041800643
(2, 8) 0.012381345439537762
(2, 9) 0.04416403785488959
(3, 0) 0.00275171099978833
(3, 1) 0.0
(3, 2) 0.0
(3, 3) 0.0
(3, 4) 0.009259259259259259
(3, 5) 0.0
(3, 6) 0.0011261261261261261
(3, 7) 0.0
(3, 8) 0.00023849272597185786
(3, 9) 0.012552301255230125
(4, 0) 0.041774762189849
(4, 1) 0.0014029180695847362
(4, 2) 0.026264210113680908
(4, 3) 0.013015184381778741
(4, 4) 0.03940886699507389
(4, 5) 0.032148260211800304
(4, 6) 0.01733921815889029
(4, 7) 0.006955177743431221
(4, 8) 0.0577319587628866
(4, 9) 0.07802547770700637
(5, 0) 0.47521328106986394
(5, 1) 0.07470982507765245
(5, 2) 0.038006307081132
(5, 3) 0.012473242219660794
(5, 4) 0.025800638872962568
(5, 5) 0.03906281889056696
(5, 6) 0.0645611156685808
(5, 7) 0.04371292023731048
(5, 8) 0.12753865108699972
(5, 9) 0.05639614855570839
(6, 0) 0.004568135497926769
(6, 1) 0.0009090909090909091
(6, 2) 0.02962962962962963
(6, 3) 0.0
(6, 4) 0.01059322033898305
(6, 5) 0.002207505518763797
(6, 6) 0.010869565217391304
(6, 7) 0.0
(6, 8) 0.004227336777829967
(6, 9) 0.000992063492063492
(7, 0) 0.0030326539248183935
(7, 1) 0.0
(7, 2) 0.0
(7, 3) 0.0
(7, 4) 0.0
(7, 5) 0.0
(7, 6) 0.0
(7, 7) 0.0
(7, 8) 0.0016678579938050988
(7, 9) 0.01778242677824268
(8, 0) 0.0014145271942853101
(8, 1) 0.0
(8, 2) 0.0
(8, 3) 0.0
(8, 4) 0.0
(8, 5) 0.0
(8, 6) 0.0
(8, 7) 0.0
(8, 8) 0.00024154589371980676
(8, 9) 0.0
(9, 0) 0.004021164021164021
(9, 1) 0.016144349477682812
(9, 2) 0.0
(9, 3) 0.0
(9, 4) 0.0
(9, 5) 0.0007698229407236335
(9, 6) 0.0
(9, 7) 0.0
(9, 8) 0.0004748338081671415
(9, 9) 0.0
(0, 0) 0.0
(0, 1) 0.0011748371248531454
(0, 2) 0.0
(0, 3) 0.0
(0, 4) 0.0
(0, 5) 0.0008988764044943821
(0, 6) 0.0
(0, 7) 0.0005897385492431689
(0, 8) 0.0
(0, 9) 0.002145922746781116
(1, 0) 0.0
(1, 1) 0.040055891942244994
(1, 2) 0.0
(1, 3) 0.0013633265167007499
(1, 4) 0.0004374453193350831
(1, 5) 0.035021707670043416
(1, 6) 0.0
(1, 7) 0.0713810316139767
(1, 8) 0.0
(1, 9) 0.01927353595255745
(2, 0) 0.0
(2, 1) 0.03157560691807267
(2, 2) 0.0
(2, 3) 0.003436426116838488
(2, 4) 0.002366863905325444
(2, 5) 0.02367879203843514
(2, 6) 0.0
(2, 7) 0.01722637898033757
(2, 8) 0.0012437810945273632
(2, 9) 0.006063432835820896
(3, 0) 0.0
(3, 1) 0.0029888983774551663
(3, 2) 0.0
(3, 3) 0.0
(3, 4) 0.0
(3, 5) 0.0
(3, 6) 0.0
(3, 7) 0.003518373729476153
(3, 8) 0.0
(3, 9) 0.0
(4, 0) 0.0
(4, 1) 0.05224578914535247
(4, 2) 0.0
(4, 3) 0.00373366521468575
(4, 4) 0.007042253521126761
(4, 5) 0.0449438202247191
(4, 6) 0.0
(4, 7) 0.04624920534011443
(4, 8) 0.0
(4, 9) 0.015438596491228071
(5, 0) 0.0008247422680412372
(5, 1) 0.5942416147224696
(5, 2) 4.1237113402061855e-05
(5, 3) 0.003256254894686946
(5, 4) 0.03646026449141021
(5, 5) 0.07420796100731113
(5, 6) 0.0005360824742268041
(5, 7) 0.16577837880836846
(5, 8) 0.0007422374335078965
(5, 9) 0.050127059595048776
(6, 0) 0.0
(6, 1) 0.004951813002502529
(6, 2) 0.0
(6, 3) 0.0
(6, 4) 0.0009407337723424271
(6, 5) 0.0038395904436860067
(6, 6) 0.0
(6, 7) 0.0032698595883823814
(6, 8) 0.0
(6, 9) 0.02414486921529175
(7, 0) 0.0
(7, 1) 0.0029338027417720168
(7, 2) 0.0
(7, 3) 0.0
(7, 4) 0.0
(7, 5) 0.0004385964912280702
(7, 6) 0.0
(7, 7) 0.00547302580140735
(7, 8) 0.0
(7, 9) 0.0
(8, 0) 0.0
(8, 1) 0.0010684331427960895
(8, 2) 0.0
(8, 3) 0.0
(8, 4) 0.0
(8, 5) 0.0004510599909788002
(8, 6) 0.0
(8, 7) 0.0
(8, 8) 0.0
(8, 9) 0.0
(9, 0) 0.0
(9, 1) 0.004270766602605168
(9, 2) 0.0
(9, 3) 0.0
(9, 4) 0.0
(9, 5) 0.003064798598949212
(9, 6) 0.0
(9, 7) 0.0013600155430347775
(9, 8) 0.0
(9, 9) 0.0